mean_fpr	mean_tpr	tprs_lower	tprs_upper
0.0	0.0	0.0	0.0
0.010101010101010102	0.7264022201078595	0.7074260465429952	0.7453783936727237
0.020202020202020204	0.8157809026060534	0.7984059003801567	0.8331559048319501
0.030303030303030304	0.8622048752667762	0.8523510111431238	0.8720587393904287
0.04040404040404041	0.8835177932534007	0.8765306568495385	0.890504929657263
0.05050505050505051	0.8949126488711855	0.8891133330925333	0.9007119646498377
0.06060606060606061	0.9035642201221712	0.8980019330754072	0.9091265071689352
0.07070707070707072	0.9107383297911682	0.9047843515680322	0.9166923080143042
0.08080808080808081	0.9162246757470849	0.9098044107219363	0.9226449407722335
0.09090909090909091	0.9208673626241428	0.9151750113079661	0.9265597139403196
0.10101010101010102	0.9269868427501459	0.9211278040489027	0.932845881451389
0.11111111111111112	0.9331065456538301	0.9274782566567985	0.9387348346508617
0.12121212121212122	0.9360610232624456	0.9313883822628497	0.9407336642620414
0.13131313131313133	0.9381707279037957	0.9326211098445903	0.9437203459630011
0.14141414141414144	0.9398591599499196	0.9347141227664127	0.9450041971334265
0.15151515151515152	0.9434472172839836	0.940261207342896	0.9466332272250713
0.16161616161616163	0.9459795311866476	0.942114625830275	0.9498444365430201
0.17171717171717174	0.9478787109192253	0.9433174547046319	0.9524399671338186
0.18181818181818182	0.9489337860175816	0.9444713152797929	0.9533962567553703
0.19191919191919193	0.9512555750114731	0.9477007866146983	0.9548103634082479
0.20202020202020204	0.9529433387245533	0.9499102798197034	0.9559763976294031
0.21212121212121213	0.9550539344766283	0.9518841654606814	0.9582237034925752
0.22222222222222224	0.9571638618956598	0.9549899376731196	0.9593377861182001
0.23232323232323235	0.9588518483864211	0.9558650734060915	0.9618386233667507
0.24242424242424243	0.9601178939489128	0.9574955643783032	0.9627402235195224
0.25252525252525254	0.9613843850667665	0.9592145900807826	0.9635541800527504
0.26262626262626265	0.9632835647993441	0.960843976812716	0.9657231527859721
0.27272727272727276	0.9639164761917491	0.9610552519290301	0.9667777004544682
0.2828282828282829	0.9658152103689643	0.9632609896294493	0.9683694311084794
0.29292929292929293	0.9675031968597259	0.9648785726027658	0.9701278211166859
0.30303030303030304	0.9683475242716284	0.965760819584914	0.9709342289583428
0.31313131313131315	0.9696135698341198	0.9669922317885664	0.9722349078796733
0.32323232323232326	0.970668644932476	0.9675797374158089	0.973757552449143
0.33333333333333337	0.9715125267890162	0.9681726823531818	0.9748523712248507
0.3434343434343435	0.9725673791096913	0.9698911088678532	0.9752436493515293
0.3535353535353536	0.9727783495738264	0.9703272423905714	0.9752294567570813
0.36363636363636365	0.9742553656004527	0.9713698640878219	0.9771408671130835
0.37373737373737376	0.9744663360645877	0.9715193343262273	0.977413337802948
0.38383838383838387	0.9757326044047602	0.9728182578574593	0.978646950952061
0.393939393939394	0.9763657385748467	0.9738991954973708	0.9788322816523225
0.4040404040404041	0.9769990955226142	0.9747436465495937	0.9792545444956348
0.4141414141414142	0.9772102887644305	0.9750372409199073	0.9793833366089537
0.42424242424242425	0.9780541706209706	0.9757988486611634	0.9803094925807777
0.43434343434343436	0.9786870820133757	0.9759818818517088	0.9813922821750427
0.4444444444444445	0.979953127575867	0.9760037206330784	0.9839025345186555
0.4545454545454546	0.9803755140594994	0.9765658649149238	0.984185163204075
0.4646464646464647	0.9812193959160396	0.9775395341357295	0.9848992576963497
0.4747474747474748	0.9816413368443098	0.9783981325357796	0.98488454115284
0.48484848484848486	0.9820635005502609	0.9790784994481239	0.985048501652398
0.494949494949495	0.9824854414785309	0.9796061193308345	0.9853647636262273
0.5050505050505051	0.9833297688904334	0.980391025803261	0.9862685119776059
0.5151515151515152	0.9841736507469736	0.9814215566373743	0.9869257448565729
0.5252525252525253	0.9850175326035137	0.9824832050851562	0.9875518601218711
0.5353535353535354	0.9856506667735999	0.983476311821359	0.9878250217258409
0.5454545454545455	0.9864949941855026	0.9843432173946216	0.9886467709763835
0.5555555555555556	0.9864949941855026	0.9843432173946216	0.9886467709763835
0.5656565656565657	0.986917380669135	0.9846467471985509	0.9891880141397191
0.5757575757575758	0.9873393215974051	0.9849349580952418	0.9897436850995684
0.5858585858585859	0.9879722329898101	0.9858006296796835	0.9901438362999366
0.595959595959596	0.9890273080881664	0.9865673688881444	0.9914872472881884
0.6060606060606061	0.990082605964204	0.987715577365106	0.9924496345633022
0.6161616161616162	0.9907155173566091	0.9882739709901918	0.9931570637230265
0.6262626262626263	0.9912932451421751	0.9891673886127277	0.9934191016716225
0.6363636363636365	0.9915596219908306	0.9896735141729447	0.9934457298087165
0.6464646464646465	0.9917705924549655	0.9899564784912306	0.9935847064187003
0.6565656565656566	0.9930366380174569	0.9916063555788338	0.99446692045608
0.6666666666666667	0.9936702177429056	0.991561515415777	0.9957789200700343
0.6767676767676768	0.9938811882070407	0.9918367185249278	0.9959256578891537
0.686868686868687	0.9949360405277158	0.9935375272351312	0.9963345538203003
0.696969696969697	0.995358204233667	0.9936449301043392	0.9970714783629949
0.7070707070707072	0.995358204233667	0.9936449301043392	0.9970714783629949
0.7171717171717172	0.9955691746978019	0.9937549077565372	0.9973834416390667
0.7272727272727273	0.9957801451619371	0.9938936659670787	0.9976666243567955
0.7373737373737375	0.995991115626072	0.9944413511938095	0.9975408800583345
0.7474747474747475	0.9964130565543421	0.9944569331003681	0.9983691800083161
0.7575757575757577	0.9964130565543421	0.9944569331003681	0.9983691800083161
0.7676767676767677	0.9966240270184773	0.9948095010406025	0.9984385529963521
0.7777777777777778	0.9970459679467474	0.9958161146827459	0.9982758212107489
0.787878787878788	0.9972569384108823	0.9961814577020272	0.9983324191197374
0.797979797979798	0.9972569384108823	0.9961814577020272	0.9983324191197374
0.8080808080808082	0.9972569384108823	0.9961814577020272	0.9983324191197374
0.8181818181818182	0.9976788793391522	0.9968896187292406	0.9984681399490638
0.8282828282828284	0.9978898498032873	0.9972227020224683	0.9985569975841063
0.8383838383838385	0.9981008202674223	0.9976786556797661	0.9985229848550785
0.8484848484848485	0.9983117907315574	0.9974676856563669	0.9991558958067479
0.8585858585858587	0.9985227611956924	0.9976785447684621	0.9993669776229227
0.8686868686868687	0.9987339544375086	0.9979446346583184	0.9995232742166987
0.8787878787878789	0.9987339544375086	0.9979446346583184	0.9995232742166987
0.888888888888889	0.9987339544375086	0.9979446346583184	0.9995232742166987
0.8989898989898991	0.9989449249016437	0.9982777775671717	0.9996120722361156
0.9090909090909092	0.9989449249016437	0.9982777775671717	0.9996120722361156
0.9191919191919192	0.9991558953657786	0.9983664565069276	0.9999453342246297
0.9292929292929294	0.9993668658299135	0.9988499137847614	0.9998838178750656
0.9393939393939394	0.9997890295358649	0.9993670886075948	1.0
0.9494949494949496	0.9997890295358649	0.9993670886075948	1.0
0.9595959595959597	1.0	1.0	1.0
0.9696969696969697	1.0	1.0	1.0
0.9797979797979799	1.0	1.0	1.0
0.98989898989899	1.0	1.0	1.0
1.0	1.0	1.0	1.0
